4294967293,878
4294967293,877
4294967293,876
4294967293,875
4294967293,831
4294967293,830
4294967293,829
4294967293,828
4294967293,827
4294967293,826
4294967293,825
4294967293,824
4294967293,823
4294967293,822
4294967293,821
4294967293,820
4294967293,819
4294967293,818
4294967293,817
4294967293,816
4294967293,815
4294967293,814
4294967293,813
4294967293,812
4294967293,811
4294967293,1023
4294967293,1022
4294967293,1021
4294967293,1020
4294967293,1019
4294967293,1018
4294967293,1017
4294967293,1016
4294967293,1015
4294967293,1014
4294967293,1013
4294967293,1012
4294967293,1011
4294967293,1010
4294967293,1009
4294967293,1008
4294967293,1007
4294967293,1006
4294967293,1005
4294967293,1004
4294967293,1003
4294967293,1002
4294967293,1001
4294967293,1000
4294967293,999
4294967293,998
4294967293,997
4294967293,996
4294967293,995
4294967293,994
4294967293,993
4294967293,992
4294967293,991
4294967293,990
4294967293,989
4294967293,988
4294967293,987
4294967293,986
4294967293,985
4294967293,984
4294967293,983
4294967293,982
4294967293,981
4294967293,980
4294967293,979
4294967293,978
4294967293,977
4294967293,976
4294967293,975
4294967293,974
4294967293,973
4294967293,972
4294967293,971
4294967293,970
4294967293,969
4294967293,968
4294967293,1582
4294967293,1581
4294967293,1580
4294967293,1579
4294967293,1578
4294967293,1577
4294967293,1576
4294967293,1575
4294967293,1574
4294967293,1573
4294967293,1572
4294967293,1571
4294967293,1570
4294967293,1569
4294967293,1568
4294967293,1567
4294967293,1566
4294967293,1565
4294967293,1564
4294967293,1563
4294967293,1562
4294967293,1561
4294967293,1560
4294967293,1559
4294967293,1558
4294967293,1557
4294967293,1556
4294967293,1555
4294967293,1554
4294967293,1553
4294967293,1552
4294967293,1551
4294967293,1518
4294967293,1550
4294967293,1517
4294967293,1549
4294967293,1516
4294967293,1548
4294967293,1547
4294967293,1515
4294967293,1546
4294967293,1514
4294967293,1545
4294967293,1513
4294967293,1544
4294967293,1512
4294967293,1543
4294967293,1511
4294967293,1542
4294967293,1510
4294967293,1541
4294967293,1509
4294967293,1540
4294967293,1508
4294967293,1539
4294967293,1507
4294967293,1538
4294967293,1506
4294967293,1537
4294967293,1505
4294967293,1536
4294967293,1504
4294967293,1503
4294967293,1471
4294967293,1502
4294967293,1470
4294967293,1501
4294967293,1469
4294967293,1500
4294967293,1468
4294967293,1499
4294967293,1467
4294967293,1498
4294967293,1497
4294967293,1466
4294967293,1496
4294967293,1465
4294967293,1495
4294967293,1464
4294967293,1494
4294967293,1463
4294967293,1493
4294967293,1462
4294967293,1492
4294967293,1461
4294967293,1491
4294967293,1460
4294967293,1490
4294967293,1459
4294967293,1489
4294967293,1458
4294967293,1488
4294967293,1457
4294967293,1487
4294967293,1456
4294967293,1486
4294967293,1455
4294967293,1485
4294967293,1454
4294967293,1484
4294967293,1453
4294967293,1483
4294967293,1452
4294967293,1482
4294967293,1451
4294967293,1481
4294967293,1450
4294967293,1480
4294967293,1449
4294967293,1479
4294967293,1448
4294967293,1478
4294967293,1447
4294967293,1477
4294967293,1446
4294967293,1476
4294967293,1445
4294967293,1475
4294967293,1444
4294967293,1474
4294967293,1443
4294967293,1473
4294967293,1442
4294967293,1472
4294967293,1441
4294967293,1407
4294967293,1440
4294967293,1406
4294967293,1439
4294967293,1405
4294967293,1438
4294967293,1404
4294967293,1437
4294967293,1403
4294967293,1436
4294967293,1402
4294967293,1435
4294967293,1401
4294967293,1434
4294967293,1400
4294967293,1433
4294967293,1399
4294967293,1432
4294967293,1398
4294967293,1431
4294967293,1397
4294967293,1430
4294967293,1396
4294967293,1429
4294967293,1395
4294967293,1428
4294967293,1394
4294967293,1427
4294967293,1393
4294967293,1426
4294967293,1392
4294967293,1425
4294967293,1391
4294967293,1424
4294967293,1390
4294967293,1423
4294967293,1389
4294967293,1422
4294967293,1388
4294967293,1421
4294967293,1387
4294967293,1420
4294967293,1386
4294967293,1419
4294967293,1385
4294967293,1418
4294967293,1384
4294967293,1417
4294967293,1383
4294967293,1416
4294967293,1382
4294967293,1415
4294967293,1381
4294967293,1414
4294967293,1380
4294967293,1413
4294967293,1379
4294967293,1412
4294967293,1378
4294967293,1411
4294967293,1377
4294967293,1410
4294967293,1376
4294967293,1409
4294967293,1375
4294967293,1408
4294967293,1374
4294967293,1343
4294967293,1373
4294967293,1342
4294967293,1372
4294967293,1371
4294967293,1341
4294967293,1370
4294967293,1340
4294967293,1369
4294967293,1368
4294967293,1339
4294967293,1367
4294967293,1338
4294967293,1366
4294967293,1337
4294967293,1365
4294967293,1336
4294967293,1364
4294967293,1335
4294967293,1363
4294967293,1334
4294967293,1362
4294967293,1333
4294967293,1361
4294967293,1332
4294967293,1360
4294967293,1331
4294967293,1359
4294967293,1330
4294967293,1358
4294967293,1329
4294967293,1357
4294967293,1328
4294967293,1356
4294967293,1327
4294967293,1355
4294967293,1326
4294967293,1354
4294967293,1325
4294967293,1353
4294967293,1324
4294967293,1352
4294967293,1323
4294967293,1351
4294967293,1322
4294967293,1350
4294967293,1321
4294967293,1349
4294967293,1320
4294967293,1348
4294967293,1319
4294967293,1347
4294967293,1318
4294967293,1346
4294967293,1317
4294967293,1345
4294967293,1316
4294967293,1344
4294967293,1315
4294967293,1279
4294967293,1314
4294967293,1278
4294967293,1313
4294967293,1277
4294967293,1312
4294967293,1276
4294967293,1311
4294967293,1275
4294967293,1310
4294967293,1274
4294967293,1309
4294967293,1273
4294967293,1308
4294967293,1272
4294967293,1307
4294967293,1271
4294967293,1306
4294967293,1270
4294967293,1305
4294967293,1269
4294967293,1304
4294967293,1268
4294967293,1303
4294967293,1267
4294967293,1302
4294967293,1266
4294967293,1301
4294967293,1265
4294967293,1300
4294967293,1264
4294967293,1299
4294967293,1263
4294967293,1298
4294967293,1262
4294967293,1297
4294967293,1261
4294967293,1296
4294967293,1260
4294967293,1295
4294967293,1259
4294967293,1258
4294967293,1294
4294967293,1257
4294967293,1293
4294967293,1256
4294967293,1292
4294967293,1255
4294967293,1291
4294967293,1254
4294967293,1290
4294967293,1253
4294967293,1289
4294967293,1252
4294967293,1288
4294967293,1251
4294967293,1287
4294967293,1250
4294967293,1286
4294967293,1249
4294967293,1285
4294967293,1248
4294967293,1284
4294967293,1247
4294967293,1283
4294967293,1246
4294967293,1282
4294967293,1245
4294967293,1281
4294967293,1244
4294967293,1280
4294967293,1243
4294967293,1215
4294967293,1242
4294967293,1214
4294967293,1241
4294967293,1213
4294967293,1240
4294967293,1239
4294967293,1212
4294967293,1238
4294967293,1237
4294967293,1211
4294967293,1236
4294967293,1210
4294967293,1235
4294967293,1209
4294967293,1234
4294967293,1208
4294967293,1233
4294967293,1207
4294967293,1232
4294967293,1206
4294967293,1231
4294967293,1205
4294967293,1230
4294967293,1204
4294967293,1229
4294967293,1203
4294967293,1228
4294967293,1202
4294967293,1227
4294967293,1201
4294967293,1226
4294967293,1200
4294967293,1225
4294967293,1199
4294967293,1198
4294967293,1224
4294967293,1197
4294967293,1223
4294967293,1196
4294967293,1222
4294967293,1195
4294967293,1221
4294967293,1194
4294967293,1220
4294967293,1193
4294967293,1219
4294967293,1192
4294967293,1218
4294967293,1191
4294967293,1217
4294967293,1190
4294967293,1216
4294967293,1189
4294967293,1151
4294967293,1188
4294967293,1150
4294967293,1187
4294967293,1149
4294967293,1186
4294967293,1148
4294967293,1185
4294967293,1147
4294967293,1184
4294967293,1146
4294967293,1183
4294967293,1145
4294967293,1182
4294967293,1144
4294967293,1181
4294967293,1143
4294967293,1180
4294967293,1142
4294967293,1179
4294967293,1141
4294967293,1178
4294967293,1140
4294967293,1177
4294967293,1139
4294967293,1176
4294967293,1138
4294967293,1175
4294967293,1137
4294967293,1174
4294967293,1136
4294967293,1173
4294967293,1135
4294967293,1172
4294967293,1134
4294967293,1171
4294967293,1133
4294967293,1170
4294967293,1132
4294967293,1169
4294967293,1131
4294967293,1168
4294967293,1130
4294967293,1167
4294967293,1129
4294967293,1166
4294967293,1128
4294967293,1165
4294967293,1127
4294967293,1164
4294967293,1126
4294967293,1163
4294967293,1125
4294967293,1124
4294967293,1162
4294967293,1123
4294967293,1161
4294967293,1122
4294967293,1160
4294967293,1121
4294967293,1159
4294967293,1120
4294967293,1158
4294967293,1119
4294967293,1157
4294967293,1118
4294967293,1156
4294967293,1117
4294967293,1155
4294967293,1116
4294967293,1154
4294967293,1153
4294967293,1115
4294967293,1152
4294967293,1114
4294967293,1087
4294967293,1113
4294967293,1112
4294967293,1086
4294967293,1111
4294967293,1110
4294967293,1085
4294967293,1109
4294967293,1084
4294967293,1108
4294967293,1083
4294967293,1107
4294967293,1082
4294967293,1106
4294967293,1081
4294967293,1105
4294967293,1080
4294967293,1104
4294967293,1079
4294967293,1103
4294967293,1078
4294967293,1102
4294967293,1077
4294967293,1101
4294967293,1076
4294967293,1100
4294967293,1075
4294967293,1099
4294967293,1074
4294967293,1098
4294967293,1073
4294967293,1097
4294967293,1072
4294967293,1096
4294967293,1071
4294967293,1095
4294967293,1070
4294967293,1094
4294967293,1069
4294967293,1093
4294967293,1068
4294967293,1092
4294967293,1067
4294967293,1091
4294967293,1066
4294967293,1090
4294967293,1065
4294967293,1089
4294967293,1064
4294967293,1088
4294967293,1063
4294967293,959
4294967293,1062
4294967293,958
4294967293,1061
4294967293,957
4294967293,1060
4294967293,956
4294967293,955
4294967293,1059
4294967293,954
4294967293,1058
4294967293,953
4294967293,1057
4294967293,952
4294967293,1056
4294967293,951
4294967293,1055
4294967293,950
4294967293,1054
4294967293,949
4294967293,1053
4294967293,948
4294967293,1052
4294967293,947
4294967293,1051
4294967293,946
4294967293,1050
4294967293,945
4294967293,1049
4294967293,944
4294967293,1048
4294967293,943
4294967293,1047
4294967293,942
4294967293,1046
4294967293,941
4294967293,1045
4294967293,940
4294967293,1044
4294967293,939
4294967293,1043
4294967293,938
4294967293,1042
4294967293,937
4294967293,1041
4294967293,936
4294967293,1040
4294967293,935
4294967293,1039
4294967293,934
4294967293,1038
4294967293,933
4294967293,1037
4294967293,932
4294967293,1036
4294967293,931
4294967293,1035
4294967293,930
4294967293,1034
4294967293,929
4294967293,1033
4294967293,928
4294967293,1032
4294967293,927
4294967293,1031
4294967293,926
4294967293,1030
4294967293,925
4294967293,1029
4294967293,924
4294967293,1028
4294967293,923
4294967293,1027
4294967293,922
4294967293,1026
4294967293,921
4294967293,1025
4294967293,920
4294967293,1024
4294967293,919
4294967293,967
4294967293,918
4294967293,966
4294967293,917
4294967293,965
4294967293,916
4294967293,964
4294967293,915
4294967293,963
4294967293,914
4294967293,913
4294967293,962
4294967293,912
4294967293,961
4294967293,911
4294967293,960
4294967293,910
4294967293,447
4294967293,909
4294967293,446
4294967293,908
4294967293,445
4294967293,907
4294967293,444
4294967293,906
4294967293,443
4294967293,905
4294967293,442
4294967293,904
4294967293,441
4294967293,903
4294967293,440
4294967293,902
4294967293,439
4294967293,901
4294967293,438
4294967293,900
4294967293,437
4294967293,899
4294967293,436
4294967293,898
4294967293,435
4294967293,897
4294967293,434
4294967293,896
4294967293,433
4294967293,432
4294967293,431
4294967293,430
4294967293,429
4294967293,428
4294967293,427
4294967293,426
4294967293,425
4294967293,424
4294967293,423
4294967293,422
4294967293,421
4294967293,420
4294967293,419
4294967293,418
4294967293,417
4294967293,416
4294967293,415
4294967293,414
4294967293,413
4294967293,412
4294967293,411
4294967293,410
4294967293,409
4294967293,408
4294967293,407
4294967293,406
4294967293,405
4294967293,404
4294967293,403
4294967293,402
4294967293,401
4294967293,400
4294967293,399
4294967293,398
4294967293,397
4294967293,396
4294967293,395
4294967293,394
4294967293,393
4294967293,392
4294967293,874
4294967293,873
4294967293,872
4294967293,871
4294967293,870
4294967293,869
4294967293,868
4294967293,867
4294967293,866
4294967293,865
4294967293,864
4294967293,863
4294967293,862
4294967293,861
4294967293,860
4294967293,859
4294967293,858
4294967293,857
4294967293,856
4294967293,855
4294967293,854
4294967293,853
4294967293,852
4294967293,851
4294967293,850
4294967293,849
4294967293,848
4294967293,847
4294967293,846
4294967293,810
4294967293,845
4294967293,809
4294967293,844
4294967293,808
4294967293,843
4294967293,807
4294967293,842
4294967293,806
4294967293,841
4294967293,805
4294967293,840
4294967293,839
4294967293,838
4294967293,804
4294967293,837
4294967293,803
4294967293,836
4294967293,802
4294967293,835
4294967293,801
4294967293,834
4294967293,800
4294967293,833
4294967293,799
4294967293,832
4294967293,798
4294967293,703
4294967293,797
4294967293,702
4294967293,701
4294967293,700
4294967293,699
4294967293,698
4294967293,697
4294967293,696
4294967293,695
4294967293,796
4294967293,795
4294967293,794
4294967293,793
4294967293,792
4294967293,791
4294967293,790
4294967293,789
4294967293,788
4294967293,787
4294967293,786
4294967293,785
4294967293,784
4294967293,783
4294967293,782
4294967293,781
4294967293,780
4294967293,779
4294967293,778
4294967293,777
4294967293,776
4294967293,775
4294967293,774
4294967293,773
4294967293,772
4294967293,771
4294967293,770
4294967293,769
4294967293,768
4294967293,767
4294967293,766
4294967293,765
4294967293,764
4294967293,763
4294967293,762
4294967293,761
4294967293,760
4294967293,759
4294967293,758
4294967293,757
4294967293,756
4294967293,755
4294967293,754
4294967293,753
4294967293,752
4294967293,751
4294967293,750
4294967293,749
4294967293,748
4294967293,747
4294967293,746
4294967293,745
4294967293,744
4294967293,743
4294967293,742
4294967293,741
4294967293,740
4294967293,739
4294967293,738
4294967293,737
4294967293,736
4294967293,735
4294967293,734
4294967293,694
4294967293,693
4294967293,692
4294967293,691
4294967293,690
4294967293,689
4294967293,688
4294967293,687
4294967293,686
4294967293,685
4294967293,684
4294967293,683
4294967293,682
4294967293,681
4294967293,680
4294967293,679
4294967293,678
4294967293,677
4294967293,676
4294967293,675
4294967293,674
4294967293,673
4294967293,672
4294967293,671
4294967293,670
4294967293,669
4294967293,668
4294967293,667
4294967293,666
4294967293,665
4294967293,664
4294967293,663
4294967293,662
4294967293,661
4294967293,660
4294967293,659
4294967293,658
4294967293,657
4294967293,656
4294967293,655
4294967293,654
4294967293,653
4294967293,652
4294967293,651
4294967293,650
4294967293,649
4294967293,733
4294967293,732
4294967293,731
4294967293,730
4294967293,729
4294967293,728
4294967293,727
4294967293,726
4294967293,725
4294967293,724
4294967293,723
4294967293,722
4294967293,721
4294967293,720
4294967293,719
4294967293,718
4294967293,717
4294967293,716
4294967293,715
4294967293,714
4294967293,713
4294967293,712
4294967293,711
4294967293,710
4294967293,709
4294967293,708
4294967293,707
4294967293,706
4294967293,705
4294967293,704
4294967293,639
4294967293,638
4294967293,637
4294967293,636
4294967293,635
4294967293,634
4294967293,633
4294967293,632
4294967293,631
4294967293,630
4294967293,629
4294967293,628
4294967293,627
4294967293,626
4294967293,648
4294967293,647
4294967293,646
4294967293,645
4294967293,644
4294967293,643
4294967293,642
4294967293,641
4294967293,640
4294967293,383
4294967293,382
4294967293,381
4294967293,380
4294967293,379
4294967293,378
4294967293,377
4294967293,376
4294967293,375
4294967293,374
4294967293,373
4294967293,372
4294967293,371
4294967293,370
4294967293,369
4294967293,625
4294967293,624
4294967293,368
4294967293,367
4294967293,623
4294967293,622
4294967293,366
4294967293,621
4294967293,365
4294967293,620
4294967293,364
4294967293,363
4294967293,619
4294967293,618
4294967293,362
4294967293,617
4294967293,361
4294967293,616
4294967293,615
4294967293,360
4294967293,614
4294967293,613
4294967293,359
4294967293,612
4294967293,358
4294967293,357
4294967293,611
4294967293,356
4294967293,610
4294967293,355
4294967293,609
4294967293,354
4294967293,608
4294967293,353
4294967293,607
4294967293,352
4294967293,606
4294967293,351
4294967293,605
4294967293,350
4294967293,604
4294967293,349
4294967293,603
4294967293,348
4294967293,602
4294967293,347
4294967293,601
4294967293,346
4294967293,600
4294967293,599
4294967293,598
4294967293,597
4294967293,596
4294967293,595
4294967293,594
4294967293,593
4294967293,592
4294967293,591
4294967293,590
4294967293,589
4294967293,588
4294967293,587
4294967293,586
4294967293,585
4294967293,584
4294967293,583
